77 0.0
72 0.0
71 0.0
70 0.0
69 0.0
68 0.0
67 0.0
66 0.0
65 0.0
64 0.0
63 0.0
62 0.0
61 0.0
60 0.0
59 0.0
58 0.0
57 0.001
56 0.0
55 0.0
54 0.001
53 0.001
52 0.001
51 0.001
50 0.001
49 0.001
48 0.001
47 0.001
46 0.001
45 0.001
44 0.002
43 0.002
42 0.002
41 0.003
40 0.002
39 0.002
38 0.003
37 0.003
36 0.004
35 0.004
34 0.004
33 0.006
32 0.007
31 0.008
30 0.007
29 0.008
28 0.009
27 0.011
26 0.011
25 0.012
24 0.014
23 0.016
22 0.017
21 0.018
20 0.021
19 0.019
18 0.024
17 0.023
16 0.024
15 0.029
14 0.031
13 0.034
12 0.035
11 0.038
10 0.04
9 0.047
8 0.048
7 0.05
6 0.052
5 0.058
4 0.066
3 0.085
2 0.077
1 0.009
